# name: debug
# type: sparse matrix
# nnz: 2916
# rows: 54
# columns: 54

1 1 530.300573
2 1 -17.1193733
3 1 119.979012
4 1 -27.0343455
5 1 -31.6094964
6 1 -42.5620962
7 1 -85.9736078
8 1 0.472272178
9 1 -24.0663348
10 1 11.5465636
11 1 5.94983031
12 1 16.1131004
13 1 -83.5739894
14 1 8.47941507
15 1 -23.530494
16 1 14.4649522
17 1 8.44754683
18 1 21.4743156
19 1 -60.0340467
20 1 8.86124831
21 1 -11.918937
22 1 1.24113299
23 1 4.14988014
24 1 2.80628305
25 1 -61.1525949
26 1 1.86355661
27 1 -14.2562454
28 1 0.264765002
29 1 3.31143297
30 1 0.938281161
31 1 -37.1456362
32 1 -1.13450043
33 1 -8.16220621
34 1 -0.230827556
35 1 2.41609063
36 1 0.303478978
37 1 -28.5670865
38 1 -1.8673756
39 1 -4.93578217
40 1 -0.123099297
41 1 1.55460507
42 1 0.216548386
43 1 -20.9779085
44 1 -4.08098305
45 1 -2.34988575
46 1 -0.243119697
47 1 0.844926119
48 1 -0.263012333
49 1 -14.4660382
50 1 -2.9750146
51 1 0.265972061
52 1 -0.213515865
53 1 0.412942972
54 1 -0.0828404439
1 2 -17.1193733
2 2 1333.61398
3 2 -4.26027238
4 2 174.133608
5 2 9.25523659
6 2 222.316796
7 2 0.142254213
8 2 -217.060598
9 2 -1.12051729
10 2 -64.4298812
11 2 -3.96420271
12 2 -83.6389331
13 2 8.24813876
14 2 -209.01279
15 2 -0.289912577
16 2 -74.600294
17 2 -5.0565712
18 2 -97.904298
19 2 8.86437557
20 2 -147.18502
21 2 -1.73334054
22 2 -10.7587712
23 2 -0.19145682
24 2 -13.1767859
25 2 2.57403042
26 2 -157.552898
27 2 -0.439524373
28 2 -4.88293571
29 2 -0.209639857
30 2 -5.26007023
31 2 -1.07072912
32 2 -97.3813727
33 2 0.573976161
34 2 -3.34808813
35 2 0.132372213
36 2 -3.59314857
37 2 -1.51865171
38 2 -76.0840405
39 2 0.0149717182
40 2 -2.24361971
41 2 0.40891861
42 2 -2.58907498
43 2 -2.73070816
44 2 -56.3625161
45 2 -0.240886572
46 2 -1.14132263
47 2 0.76659596
48 2 -1.20526115
49 2 -3.04453659
50 2 -43.3940018
51 2 1.46993858
52 2 -0.690848855
53 2 0.345454489
54 2 -1.02777893
1 3 119.979012
2 3 -4.26027238
3 3 335.423295
4 3 17.9083344
5 3 -19.5674655
6 3 17.7791089
7 3 -24.227602
8 3 -0.718815539
9 3 -53.5370084
10 3 -7.09055824
11 3 2.91521745
12 3 -8.74779124
13 3 -23.5415207
14 3 1.13924287
15 3 -51.0210475
16 3 -7.25604485
17 3 5.88255773
18 3 -7.53030893
19 3 -12.6797625
20 3 1.20789714
21 3 -36.2353058
22 3 -0.140143694
23 3 2.655518
24 3 0.759625576
25 3 -12.7969939
26 3 1.27942583
27 3 -40.1106565
28 3 -0.477009446
29 3 1.94297324
30 3 -0.126571961
31 3 -5.80687308
32 3 0.884762723
33 3 -25.7381117
34 3 -0.73281362
35 3 1.65324724
36 3 -0.396052554
37 3 -3.57676022
38 3 0.788973968
39 3 -18.4204636
40 3 -0.44803801
41 3 0.991326125
42 3 -0.320323272
43 3 -1.20575448
44 3 1.16408898
45 3 -13.2943656
46 3 -0.217681645
47 3 0.444607898
48 3 -0.323267565
49 3 1.08337115
50 3 2.68143294
51 3 -7.6860768
52 3 -0.0161359217
53 3 0.0757203434
54 3 0.00625071379
1 4 -27.0343455
2 4 174.133608
3 4 17.9083344
4 4 5364.73343
5 4 -87.7541981
6 4 6961.63029
7 4 34.1189662
8 4 -159.533631
9 4 -24.9758542
10 4 -2409.55528
11 4 44.4941252
12 4 -3134.2863
13 4 37.4242986
14 4 -174.262878
15 4 -28.0082929
16 4 -2929.11813
17 4 66.20305
18 4 -3807.89366
19 4 0.790499574
20 4 -11.3738879
21 4 -1.15792569
22 4 -8.11986206
23 4 0.860523051
24 4 -10.6126415
25 4 0.380479905
26 4 -5.02103123
27 4 -0.497045853
28 4 -0.579448777
29 4 0.0330348788
30 4 -0.577744751
31 4 -0.06894405
32 4 -3.69787257
33 4 -0.565591024
34 4 -0.485840357
35 4 0.117458039
36 4 -0.494591775
37 4 -0.0849047355
38 4 -2.38475595
39 4 -0.485110539
40 4 -0.292814277
41 4 0.133194152
42 4 -0.320234038
43 4 -0.127064489
44 4 -1.12096114
45 4 -0.406052043
46 4 -0.0924983892
47 4 0.148977875
48 4 -0.0969515274
49 4 -0.234626253
50 4 -0.730510131
51 4 -0.12028548
52 4 -0.0176313321
53 4 0.0732011663
54 4 -0.0792942966
1 5 -31.6094964
2 5 9.25523659
3 5 -19.5674655
4 5 -87.7541981
5 5 54.1846226
6 5 -89.5953945
7 5 3.96965136
8 5 1.05042415
9 5 2.68514086
10 5 88.4605038
11 5 52.5713405
12 5 138.498574
13 5 10.3883379
14 5 -7.78186354
15 5 7.32631681
16 5 -2.85628203
17 5 -102.446154
18 5 -50.8842488
19 5 4.41499168
20 5 -2.12117896
21 5 2.53177305
22 5 -1.61953994
23 5 -0.844235407
24 5 -2.55789604
25 5 3.29646113
26 5 -0.172791834
27 5 2.05404122
28 5 0.0494265202
29 5 -0.565345256
30 5 -0.124935725
31 5 2.20894025
32 5 0.560777739
33 5 1.91035418
34 5 0.214337761
35 5 -0.559323362
36 5 0.075960417
37 5 1.5553854
38 5 0.442655797
39 5 1.09807344
40 5 0.135207857
41 5 -0.363857243
42 5 0.0512328224
43 5 0.939452917
44 5 0.576198769
45 5 0.48273009
46 5 0.0964579951
47 5 -0.178155675
48 5 0.0932036224
49 5 0.449671742
50 5 0.218563882
51 5 0.108098583
52 5 0.053045591
53 5 -0.0943552125
54 5 0.030918192
1 6 -42.5620962
2 6 222.316796
3 6 17.7791089
4 6 6961.63029
5 6 -89.5953945
6 6 9047.9738
7 6 44.9733938
8 6 -205.621854
9 6 -31.9629866
10 6 -3109.03014
11 6 74.6384549
12 6 -4037.57682
13 6 52.0126002
14 6 -228.373011
15 6 -34.0637074
16 6 -3819.01633
17 6 46.137255
18 6 -4984.17476
19 6 2.13908237
20 6 -14.3203047
21 6 -0.721191275
22 6 -10.6556113
23 6 0.789894567
24 6 -14.4543931
25 6 0.969343566
26 6 -5.23732907
27 6 -0.134477396
28 6 -0.553473305
29 6 -0.128951524
30 6 -0.835292541
31 6 0.541291754
32 6 -3.45828925
33 6 0.0280642567
34 6 -0.396826888
35 6 -0.0854759905
36 6 -0.55089918
37 6 0.243563941
38 6 -2.6045928
39 6 -0.321534934
40 6 -0.303374365
41 6 0.0474605795
42 6 -0.367308055
43 6 -0.409394477
44 6 -1.2245161
45 6 -0.677172775
46 6 -0.125026461
47 6 0.216308084
48 6 -0.0557129933
49 6 -0.152373029
50 6 -1.0529356
51 6 -0.132731427
52 6 -0.0837794685
53 6 0.0632995645
54 6 -0.0496821816
1 7 -85.9736078
2 7 0.142254213
3 7 -24.227602
4 7 34.1189662
5 7 3.96965136
6 7 44.9733938
7 7 567.628709
8 7 -34.0009142
9 7 123.93041
10 7 -42.8212769
11 7 -111.903918
12 7 -85.6555612
13 7 -102.251855
14 7 13.1651392
15 7 -30.7398696
16 7 7.0199532
17 7 80.615483
18 7 34.979919
19 7 -70.0988888
20 7 8.60358377
21 7 -13.9872996
22 7 1.49094828
23 7 13.2316779
24 7 3.57273569
25 7 -61.2886392
26 7 1.77821415
27 7 -14.0412503
28 7 0.32721178
29 7 3.94810387
30 7 1.02288245
31 7 -45.0885415
32 7 0.797998524
33 7 -9.4698114
34 7 -0.0597274067
35 7 3.50610193
36 7 0.64927491
37 7 -30.7104045
38 7 -1.88225051
39 7 -4.51346429
40 7 -0.112529408
41 7 1.70384107
42 7 0.107090077
43 7 -22.942001
44 7 -3.25477835
45 7 -2.14019193
46 7 -0.248594209
47 7 1.1206856
48 7 -0.316662069
49 7 -16.8851271
50 7 -2.99602526
51 7 0.156470545
52 7 -0.493418963
53 7 1.04052604
54 7 -0.388460571
1 8 0.472272178
2 8 -217.060598
3 8 -0.718815539
4 8 -159.533631
5 8 1.05042415
6 8 -205.621854
7 8 -34.0009142
8 8 1415.70276
9 8 3.84405276
10 8 310.228061
11 8 26.7565821
12 8 406.703699
13 8 13.3694401
14 8 -259.373256
15 8 -0.242477816
16 8 -105.639852
17 8 -27.130333
18 8 -149.702326
19 8 8.10027165
20 8 -187.593491
21 8 -0.26947275
22 8 -24.1495268
23 8 -1.19991516
24 8 -30.2359097
25 8 2.46819143
26 8 -161.008697
27 8 -1.26533113
28 8 -6.36425743
29 8 -0.265786546
30 8 -6.59905653
31 8 1.11279166
32 8 -118.083594
33 8 0.161086769
34 8 -5.05495572
35 8 -0.0991107491
36 8 -5.26042844
37 8 -1.94738253
38 8 -83.1386735
39 8 -0.259814889
40 8 -2.59062488
41 8 0.532337787
42 8 -2.70375844
43 8 -2.16881325
44 8 -59.4433007
45 8 0.387488182
46 8 -1.35220489
47 8 0.607139312
48 8 -1.29314023
49 8 -2.78665322
50 8 -44.8267307
51 8 1.49950414
52 8 -0.849420407
53 8 0.781866605
54 8 -0.951575458
1 9 -24.0663348
2 9 -1.12051729
3 9 -53.5370084
4 9 -24.9758542
5 9 2.68514086
6 9 -31.9629866
7 9 123.93041
8 9 3.84405276
9 9 354.633011
10 9 34.5948742
11 9 -109.835861
12 9 16.0646948
13 9 -30.5320832
14 9 0.767149655
15 9 -64.689334
16 9 -6.69637471
17 9 83.8866842
18 9 16.0720909
19 9 -14.8411453
20 9 3.00159477
21 9 -44.9453892
22 9 0.0802050849
23 9 14.1251551
24 9 1.90265251
25 9 -12.7849729
26 9 -0.0502128158
27 9 -40.4583958
28 9 -0.618875435
29 9 2.49547458
30 9 -0.188920496
31 9 -7.31919438
32 9 0.0584613131
33 9 -30.3683562
34 9 -0.944514711
35 9 2.23832725
36 9 -0.504143685
37 9 -3.47289208
38 9 0.623499756
39 9 -20.1642227
40 9 -0.447474818
41 9 1.10838533
42 9 -0.340093279
43 9 -1.15774713
44 9 1.35134607
45 9 -14.5493273
46 9 -0.180687157
47 9 0.597395352
48 9 -0.271739429
49 9 0.922954335
50 9 1.72879777
51 9 -9.52644196
52 9 -0.401714727
53 9 0.858555356
54 9 -0.332444053
1 10 11.5465636
2 10 -64.4298812
3 10 -7.09055824
4 10 -2409.55528
5 10 88.4605038
6 10 -3109.03014
7 10 -42.8212769
8 10 310.228061
9 10 34.5948742
10 10 3811.038
11 10 -37.2308122
12 10 4995.78453
13 10 7.02828179
14 10 -100.050528
15 10 -4.38076983
16 10 -1189.95153
17 10 -49.9124014
18 10 -1606.09584
19 10 2.32865018
20 10 -35.926738
21 10 -1.31761087
22 10 -207.722503
23 10 -1.80953343
24 10 -278.452897
25 10 0.438298045
26 10 -6.52081137
27 10 -0.597781218
28 10 -0.804716747
29 10 0.0297314264
30 10 -0.761440515
31 10 0.186136597
32 10 -5.46394004
33 10 -0.689038455
34 10 -0.851906036
35 10 0.0701551188
36 10 -0.86329643
37 10 -0.172039693
38 10 -2.70342821
39 10 -0.525028511
40 10 -0.346241904
41 10 0.154403513
42 10 -0.341848704
43 10 -0.146682028
44 10 -1.35643678
45 10 -0.282217307
46 10 -0.132217606
47 10 0.111653254
48 10 -0.120890452
49 10 -0.596816423
50 10 -0.983866825
51 10 -0.567914903
52 10 -0.333263848
53 10 0.738407677
54 10 -0.27699901
1 11 5.94983031
2 11 -3.96420271
3 11 2.91521745
4 11 44.4941252
5 11 52.5713405
6 11 74.6384549
7 11 -111.903918
8 11 26.7565821
9 11 -109.835861
10 11 -37.2308122
11 11 2648.18722
12 11 690.09766
13 11 74.7028522
14 11 -21.4682336
15 11 78.4118975
16 11 -0.491294818
17 11 -2371.14458
18 11 -739.589464
19 11 20.1996255
20 11 -4.41698408
21 11 22.7953793
22 11 -4.95572764
23 11 -322.419383
24 11 -36.7441348
25 11 3.91308408
26 11 -0.167955357
27 11 2.59974602
28 11 0.056063348
29 11 -0.737800502
30 11 -0.143913753
31 11 3.29951049
32 11 0.484452401
33 11 2.52433118
34 11 0.252399197
35 11 -0.847671422
36 11 0.0197035469
37 11 1.72497949
38 11 0.471730173
39 11 1.17399901
40 11 0.134403905
41 11 -0.381781544
42 11 0.0643984463
43 11 1.19503909
44 11 0.547404873
45 11 0.636473921
46 11 0.0942875619
47 11 -0.209699195
48 11 0.101384267
49 11 1.22388359
50 11 1.07812202
51 11 1.20464686
52 11 0.767989028
53 11 -1.41343475
54 11 0.611642693
1 12 16.1131004
2 12 -83.6389331
3 12 -8.74779124
4 12 -3134.2863
5 12 138.498574
6 12 -4037.57682
7 12 -85.6555612
8 12 406.703699
9 12 16.0646948
10 12 4995.78453
11 12 690.09766
12 12 6895.1069
13 12 33.2920897
14 12 -139.684167
15 12 18.1367985
16 12 -1580.97766
17 12 -827.304079
18 12 -2487.43236
19 12 3.88145751
20 12 -46.142203
21 12 -1.19356542
22 12 -275.866362
23 12 0.820455941
24 12 -370.18026
25 12 1.09551233
26 12 -6.5644164
27 12 -0.140274812
28 12 -0.731099459
29 12 -0.167686465
30 12 -1.05233436
31 12 0.991512464
32 12 -5.12692709
33 12 0.0254911293
34 12 -0.724183104
35 12 -0.231480478
36 12 -0.989901685
37 12 0.0915400117
38 12 -2.74311865
39 12 -0.381763021
40 12 -0.332572786
41 12 0.0744039165
42 12 -0.39542501
43 12 -0.383146106
44 12 -1.31299633
45 12 -0.49879587
46 12 -0.136566575
47 12 0.164951516
48 12 -0.0935676455
49 12 -0.413598747
50 12 -1.02266118
51 12 -0.412979573
52 12 -0.25234296
53 12 0.525776915
54 12 -0.151473257
1 13 -83.5739894
2 13 8.24813876
3 13 -23.5415207
4 13 37.4242986
5 13 10.3883379
6 13 52.0126002
7 13 -102.251855
8 13 13.3694401
9 13 -30.5320832
10 13 7.02828179
11 13 74.7028522
12 13 33.2920897
13 13 737.396524
14 13 -52.8032927
15 13 175.018807
16 13 -46.480377
17 13 -112.674237
18 13 -93.8460223
19 13 -144.421424
20 13 9.71578269
21 13 -34.2591905
22 13 2.24475877
23 13 7.47611162
24 13 4.41960208
25 13 -93.2601627
26 13 7.64408999
27 13 -22.5007159
28 13 0.688086338
29 13 6.35486886
30 13 1.94187402
31 13 -61.7587244
32 13 0.65785387
33 13 -17.1194377
34 13 -0.448460005
35 13 5.12082637
36 13 0.531433234
37 13 -41.7061795
38 13 0.724532055
39 13 -6.49969614
40 13 -0.076240312
41 13 2.61305577
42 13 0.467778928
43 13 -31.4804056
44 13 -4.3877013
45 13 -2.63372002
46 13 -0.358293008
47 13 1.63348238
48 13 -0.391872641
49 13 -21.8849151
50 13 -4.68905525
51 13 0.351596722
52 13 -0.703813598
53 13 1.22560115
54 13 -0.511631655
1 14 8.47941507
2 14 -209.01279
3 14 1.13924287
4 14 -174.262878
5 14 -7.78186354
6 14 -228.373011
7 14 13.1651392
8 14 -259.373256
9 14 0.767149655
10 14 -100.050528
11 14 -21.4682336
12 14 -139.684167
13 14 -52.8032927
14 14 1853.90082
15 14 13.8978325
16 14 342.36122
17 14 29.378747
18 14 447.791077
19 14 8.28391662
20 14 -384.645454
21 14 -4.92885453
22 14 -37.2863046
23 14 -2.31185454
24 14 -46.2560024
25 14 8.53794003
26 14 -236.960318
27 14 -4.87216268
28 14 -10.7230974
29 14 -0.571862787
30 14 -11.6023944
31 14 2.10681634
32 14 -157.436899
33 14 -1.35735421
34 14 -7.15856776
35 14 -0.205672297
36 14 -7.46119624
37 14 0.698686589
38 14 -107.416563
39 14 -1.7843935
40 14 -3.79847518
41 14 0.549426024
42 14 -4.12501754
43 14 -3.25279297
44 14 -78.7499727
45 14 -1.11473759
46 14 -2.24109667
47 14 0.978219439
48 14 -2.21002726
49 14 -4.38871467
50 14 -59.2766947
51 14 1.48860466
52 14 -1.08748876
53 14 1.09554888
54 14 -1.2622896
1 15 -23.530494
2 15 -0.289912577
3 15 -51.0210475
4 15 -28.0082929
5 15 7.32631681
6 15 -34.0637074
7 15 -30.7398696
8 15 -0.242477816
9 15 -64.689334
10 15 -4.38076983
11 15 78.4118975
12 15 18.1367985
13 15 175.018807
14 15 13.8978325
15 15 467.44474
16 15 37.2739956
17 15 -102.722013
18 15 17.1016299
19 15 -36.3372051
20 15 0.799697896
21 15 -91.3372328
22 15 0.00130471538
23 15 2.71072391
24 15 1.0787695
25 15 -20.4583715
26 15 -4.07729235
27 15 -61.1018828
28 15 -1.19110352
29 15 4.39548072
30 15 -0.475183063
31 15 -12.9183783
32 15 -4.06945787
33 15 -43.7732188
34 15 -1.72974811
35 15 3.76747952
36 15 -0.999547617
37 15 -5.0705919
38 15 -1.2514126
39 15 -26.7344235
40 15 -0.701596235
41 15 1.72718852
42 15 -0.42572702
43 15 -1.41445897
44 15 0.577753561
45 15 -19.3956804
46 15 -0.297212108
47 15 0.961434409
48 15 -0.364796315
49 15 1.32232649
50 15 1.57475793
51 15 -12.1870477
52 15 -0.485751729
53 15 0.967153443
54 15 -0.363070574
1 16 14.4649522
2 16 -74.600294
3 16 -7.25604485
4 16 -2929.11813
5 16 -2.85628203
6 16 -3819.01633
7 16 7.0199532
8 16 -105.639852
9 16 -6.69637471
10 16 -1189.95153
11 16 -0.491294818
12 16 -1580.97766
13 16 -46.480377
14 16 342.36122
15 16 37.2739956
16 16 4364.42062
17 16 -32.0354043
18 16 5738.25929
19 16 3.00867795
20 16 -52.2582705
21 16 -2.52218423
22 16 -246.771648
23 16 11.744094
24 16 -329.287324
25 16 0.918466747
26 16 -11.036193
27 16 -1.07244362
28 16 -1.43333041
29 16 0.0721266173
30 16 -1.45333953
31 16 0.146406112
32 16 -7.94568571
33 16 -1.05726723
34 16 -1.16463121
35 16 0.131554313
36 16 -1.16022213
37 16 -0.121611441
38 16 -3.97236206
39 16 -0.775396763
40 16 -0.477560674
41 16 0.199026037
42 16 -0.495968625
43 16 -0.239633763
44 16 -2.25021171
45 16 -0.514884146
46 16 -0.217592724
47 16 0.174687701
48 16 -0.212669334
49 16 -0.85264847
50 16 -1.22233593
51 16 -0.707391272
52 16 -0.326281199
53 16 0.800655884
54 16 -0.304102839
1 17 8.44754683
2 17 -5.0565712
3 17 5.88255773
4 17 66.20305
5 17 -102.446154
6 17 46.137255
7 17 80.615483
8 17 -27.130333
9 17 83.8866842
10 17 -49.9124014
11 17 -2371.14458
12 17 -827.304079
13 17 -112.674237
14 17 29.378747
15 17 -102.722013
16 17 -32.0354043
17 17 2262.6967
18 17 756.269372
19 17 3.09589065
20 17 -1.84152688
21 17 -4.07496461
22 17 11.3461475
23 17 213.940151
24 17 34.516461
25 17 6.25960197
26 17 -0.266592069
27 17 4.60683199
28 17 0.156292339
29 17 -1.32055544
30 17 -0.19209068
31 17 4.6121681
32 17 1.27652469
33 17 4.33637774
34 17 0.487725777
35 17 -1.29840384
36 17 0.179367926
37 17 2.6428566
38 17 0.513103211
39 17 1.8393686
40 17 0.181761342
41 17 -0.598113473
42 17 0.0516246062
43 17 1.76459317
44 17 0.763698811
45 17 1.01581607
46 17 0.134224112
47 17 -0.353548644
48 17 0.126277854
49 17 1.46008117
50 17 1.29699254
51 17 1.33771187
52 17 0.72900655
53 17 -1.56711121
54 17 0.501301346
1 18 21.4743156
2 18 -97.904298
3 18 -7.53030893
4 18 -3807.89366
5 18 -50.8842488
6 18 -4984.17476
7 18 34.979919
8 18 -149.702326
9 18 16.0720909
10 18 -1606.09584
11 18 -739.589464
12 18 -2487.43236
13 18 -93.8460223
14 18 447.791077
15 18 17.1016299
16 18 5738.25929
17 18 756.269372
18 18 7926.82991
19 18 6.49844882
20 18 -67.1630631
21 18 -1.25847213
22 18 -328.573447
23 18 3.79493299
24 18 -440.943162
25 18 2.13696173
26 18 -11.5465866
27 18 -0.284434331
28 18 -1.38455091
29 18 -0.286194611
30 18 -2.02086608
31 18 1.31770189
32 18 -7.10965376
33 18 0.2986338
34 18 -0.901760548
35 18 -0.334883219
36 18 -1.21574344
37 18 0.472566519
38 18 -4.17773608
39 18 -0.440263299
40 18 -0.479912211
41 18 0.0558232795
42 18 -0.593832293
43 18 -0.555186844
44 18 -2.25354495
45 18 -0.802630299
46 18 -0.238097276
47 18 0.250542999
48 18 -0.182840407
49 18 -0.556292974
50 18 -1.36966668
51 18 -0.492661227
52 18 -0.313321171
53 18 0.543429361
54 18 -0.199022355
1 19 -60.0340467
2 19 8.86437557
3 19 -12.6797625
4 19 0.790499574
5 19 4.41499168
6 19 2.13908237
7 19 -70.0988888
8 19 8.10027165
9 19 -14.8411453
10 19 2.32865018
11 19 20.1996255
12 19 3.88145751
13 19 -144.421424
14 19 8.28391662
15 19 -36.3372051
16 19 3.00867795
17 19 3.09589065
18 19 6.49844882
19 19 762.759101
20 19 -81.6604539
21 19 176.72407
22 19 -11.5642696
23 19 -69.5293265
24 19 -29.4652472
25 19 -145.777708
26 19 29.7253246
27 19 -43.2481542
28 19 3.26402891
29 19 17.7906037
30 19 8.3093865
31 19 -86.1460122
32 19 11.7931756
33 19 -26.2158367
34 19 0.843696523
35 19 8.9790646
36 19 3.90254121
37 19 -59.9075424
38 19 4.87378531
39 19 -13.3883805
40 19 0.398765109
41 19 5.52741884
42 19 1.94933676
43 19 -40.2970763
44 19 -4.5849785
45 19 -6.57735288
46 19 -0.175155021
47 19 3.04894989
48 19 -0.00387363666
49 19 -28.2160789
50 19 -3.25032574
51 19 -0.100528116
52 19 0.0260051262
53 19 1.7363186
54 19 0.385585492
1 20 8.86124831
2 20 -147.18502
3 20 1.20789714
4 20 -11.3738879
5 20 -2.12117896
6 20 -14.3203047
7 20 8.60358377
8 20 -187.593491
9 20 3.00159477
10 20 -35.926738
11 20 -4.41698408
12 20 -46.142203
13 20 9.71578269
14 20 -384.645454
15 20 0.799697896
16 20 -52.2582705
17 20 -1.84152688
18 20 -67.1630631
19 20 -81.6604539
20 20 1858.82381
21 20 23.0164613
22 20 158.806372
23 20 10.5485478
24 20 189.201352
25 20 27.9400238
26 20 -338.135436
27 20 -10.4786554
28 20 -23.7312492
29 20 -3.33581824
30 20 -23.4916234
31 20 9.57920991
32 20 -204.964678
33 20 -2.33629617
34 20 -12.9283198
35 20 -0.607783468
36 20 -13.0618464
37 20 3.04819653
38 20 -143.178078
39 20 -3.40351042
40 20 -7.16195441
41 20 0.440131544
42 20 -7.36785549
43 20 -2.76773647
44 20 -95.3005952
45 20 -2.48232835
46 20 -4.00426406
47 20 0.753530951
48 20 -3.91782663
49 20 -2.10446574
50 20 -74.860514
51 20 3.3645567
52 20 -3.1070353
53 20 0.204843567
54 20 -3.55104315
1 21 -11.918937
2 21 -1.73334054
3 21 -36.2353058
4 21 -1.15792569
5 21 2.53177305
6 21 -0.721191275
7 21 -13.9872996
8 21 -0.26947275
9 21 -44.9453892
10 21 -1.31761087
11 21 22.7953793
12 21 -1.19356542
13 21 -34.2591905
14 21 -4.92885453
15 21 -91.3372328
16 21 -2.52218423
17 21 -4.07496461
18 21 -1.25847213
19 21 176.72407
20 21 23.0164613
21 21 473.00939
22 21 10.8532409
23 21 -50.2442153
24 21 1.01572177
25 21 -42.3352129
26 21 -8.10399615
27 21 -89.7948663
28 21 -2.48114332
29 21 11.2343024
30 21 0.996956214
31 21 -25.2332817
32 21 -0.879563195
33 21 -56.1174489
34 21 -1.68243314
35 21 6.50649392
36 21 0.709047069
37 21 -13.2851758
38 21 -1.21658162
39 21 -38.0360169
40 21 -0.862835482
41 21 3.79988285
42 21 0.205888516
43 21 -5.99729843
44 21 -1.27348528
45 21 -25.0354501
46 21 -0.433474763
47 21 1.90847804
48 21 -0.352817114
49 21 -0.278041533
50 21 1.93584335
51 21 -14.9153481
52 21 -0.207701515
53 21 0.825926423
54 21 -0.136934544
1 22 1.24113299
2 22 -10.7587712
3 22 -0.140143694
4 22 -8.11986206
5 22 -1.61953994
6 22 -10.6556113
7 22 1.49094828
8 22 -24.1495268
9 22 0.0802050849
10 22 -207.722503
11 22 -4.95572764
12 22 -275.866362
13 22 2.24475877
14 22 -37.2863046
15 22 0.00130471538
16 22 -246.771648
17 22 11.3461475
18 22 -328.573447
19 22 -11.5642696
20 22 158.806372
21 22 10.8532409
22 22 480.808494
23 22 -10.3301214
24 22 636.269166
25 22 2.94692181
26 22 -23.8976304
27 22 -2.95681705
28 22 -7.42510066
29 22 -0.583955989
30 22 -6.19622375
31 22 0.252016596
32 22 -13.1199151
33 22 -2.18004248
34 22 -3.81088887
35 22 1.52059362
36 22 -2.93162104
37 22 -0.0632765089
38 22 -7.13632304
39 22 -1.37616936
40 22 -0.903767529
41 22 0.282466282
42 22 -0.81338488
43 22 0.0708244423
44 22 -3.96982611
45 22 -0.623485717
46 22 -0.437327558
47 22 0.119076313
48 22 -0.399775408
49 22 -0.0185033951
50 22 -3.23970162
51 22 -0.258130861
52 22 -0.545683253
53 22 0.0589754771
54 22 -0.670202584
1 23 4.14988014
2 23 -0.19145682
3 23 2.655518
4 23 0.860523051
5 23 -0.844235407
6 23 0.789894567
7 23 13.2316779
8 23 -1.19991516
9 23 14.1251551
10 23 -1.80953343
11 23 -322.419383
12 23 0.820455941
13 23 7.47611162
14 23 -2.31185454
15 23 2.71072391
16 23 11.744094
17 23 213.940151
18 23 3.79493299
19 23 -69.5293265
20 23 10.5485478
21 23 -50.2442153
22 23 -10.3301214
23 23 133.703735
24 23 2.44070415
25 23 18.0597286
26 23 -4.33983752
27 23 11.3642265
28 23 -1.06994555
29 23 -9.06977602
30 23 -3.31376756
31 23 9.22526476
32 23 -1.35467326
33 23 6.50919081
34 23 1.57807978
35 23 -2.21909837
36 23 0.371122307
37 23 5.8571802
38 23 -0.558735703
39 23 3.75544678
40 23 0.0739926585
41 23 -1.31758227
42 23 -0.359284162
43 23 3.30242459
44 23 0.560648869
45 23 1.95345975
46 23 0.0992515615
47 23 -0.666636903
48 23 0.00800199318
49 23 1.96086793
50 23 0.131718665
51 23 0.764496699
52 23 -0.0260335358
53 23 -0.352305579
54 23 -0.0939801536
1 24 2.80628305
2 24 -13.1767859
3 24 0.759625576
4 24 -10.6126415
5 24 -2.55789604
6 24 -14.4543931
7 24 3.57273569
8 24 -30.2359097
9 24 1.90265251
10 24 -278.452897
11 24 -36.7441348
12 24 -370.18026
13 24 4.41960208
14 24 -46.2560024
15 24 1.0787695
16 24 -329.287324
17 24 34.516461
18 24 -440.943162
19 24 -29.4652472
20 24 189.201352
21 24 1.01572177
22 24 636.269166
23 24 2.44070415
24 24 852.495768
25 24 7.90725199
26 24 -23.664608
27 24 0.451918093
28 24 -6.20404225
29 24 -2.81119328
30 24 -7.14065016
31 24 3.57776967
32 24 -13.4114311
33 24 0.160590626
34 24 -2.98274241
35 24 0.340026319
36 24 -3.26416587
37 24 1.51854895
38 24 -7.65961369
39 24 -0.462688237
40 24 -0.891405031
41 24 -0.0991078021
42 24 -1.17207593
43 24 -0.147062018
44 24 -4.0226597
45 24 -0.876840982
46 24 -0.436843218
47 24 0.156109833
48 24 -0.451157036
49 24 0.400284629
50 24 -3.87644165
51 24 -0.239305768
52 24 -0.710969794
53 24 0.00988336385
54 24 -0.789174038
1 25 -61.1525949
2 25 2.57403042
3 25 -12.7969939
4 25 0.380479905
5 25 3.29646113
6 25 0.969343566
7 25 -61.2886392
8 25 2.46819143
9 25 -12.7849729
10 25 0.438298045
11 25 3.91308408
12 25 1.09551233
13 25 -93.2601627
14 25 8.53794003
15 25 -20.4583715
16 25 0.918466747
17 25 6.25960197
18 25 2.13696173
19 25 -145.777708
20 25 27.9400238
21 25 -42.3352129
22 25 2.94692181
23 25 18.0597286
24 25 7.90725199
25 25 829.194106
26 25 -88.6645572
27 25 198.103575
28 25 -9.21553183
29 25 -68.9801907
30 25 -27.9645627
31 25 -152.092564
32 25 21.8429406
33 25 -43.382953
34 25 2.73477465
35 25 17.1782558
36 25 9.25134264
37 25 -93.6822074
38 25 10.3786244
39 25 -21.7393073
40 25 0.954115942
41 25 9.38117348
42 25 3.86665169
43 25 -61.485538
44 25 -1.42265649
45 25 -11.3171396
46 25 0.183949426
47 25 5.65179149
48 25 0.90965299
49 25 -40.161431
50 25 -0.0906950825
51 25 -3.96425
52 25 0.342675932
53 25 3.2791029
54 25 1.12078581
1 26 1.86355661
2 26 -157.552898
3 26 1.27942583
4 26 -5.02103123
5 26 -0.172791834
6 26 -5.23732907
7 26 1.77821415
8 26 -161.008697
9 26 -0.0502128158
10 26 -6.52081137
11 26 -0.167955357
12 26 -6.5644164
13 26 7.64408999
14 26 -236.960318
15 26 -4.07729235
16 26 -11.036193
17 26 -0.266592069
18 26 -11.5465866
19 26 29.7253246
20 26 -338.135436
21 26 -8.10399615
22 26 -23.8976304
23 26 -4.33983752
24 26 -23.664608
25 26 -88.6645572
26 26 1944.2366
27 26 43.0373627
28 26 98.3226608
29 26 8.6724281
30 26 102.728738
31 26 17.8636487
32 26 -335.449774
33 26 -8.57015384
34 26 -25.3089627
35 26 -2.96435493
36 26 -26.6110889
37 26 8.52974796
38 26 -198.855357
39 26 -6.53935323
40 26 -11.9394423
41 26 -0.461528297
42 26 -12.5705764
43 26 5.14692544
44 26 -128.06648
45 26 -1.65774382
46 26 -6.58120345
47 26 -0.660776529
48 26 -7.47450886
49 26 -1.7544743
50 26 -95.5458667
51 26 -2.40820603
52 26 -4.68638384
53 26 0.405219568
54 26 -6.28925864
1 27 -14.2562454
2 27 -0.439524373
3 27 -40.1106565
4 27 -0.497045853
5 27 2.05404122
6 27 -0.134477396
7 27 -14.0412503
8 27 -1.26533113
9 27 -40.4583958
10 27 -0.597781218
11 27 2.59974602
12 27 -0.140274812
13 27 -22.5007159
14 27 -4.87216268
15 27 -61.1018828
16 27 -1.07244362
17 27 4.60683199
18 27 -0.284434331
19 27 -43.2481542
20 27 -10.4786554
21 27 -89.7948663
22 27 -2.95681705
23 27 11.3642265
24 27 0.451918093
25 27 198.103575
26 27 43.0373627
27 27 503.729648
28 27 11.3020267
29 27 -40.9992648
30 27 0.543103731
31 27 -40.8069164
32 27 -6.95891036
33 27 -86.5594767
34 27 -2.78410433
35 27 10.1286344
36 27 1.03627458
37 27 -19.914388
38 27 -4.96888045
39 27 -52.3011262
40 27 -1.5513304
41 27 5.30461145
42 27 0.0436841734
43 27 -7.97906756
44 27 -4.74357896
45 27 -31.236361
46 27 -0.825016932
47 27 2.40099473
48 27 -0.888334895
49 27 -2.40399364
50 27 -1.11265883
51 27 -19.4324147
52 27 -0.596316538
53 27 1.36054246
54 27 -0.585290247
1 28 0.264765002
2 28 -4.88293571
3 28 -0.477009446
4 28 -0.579448777
5 28 0.0494265202
6 28 -0.553473305
7 28 0.32721178
8 28 -6.36425743
9 28 -0.618875435
10 28 -0.804716747
11 28 0.056063348
12 28 -0.731099459
13 28 0.688086338
14 28 -10.7230974
15 28 -1.19110352
16 28 -1.43333041
17 28 0.156292339
18 28 -1.38455091
19 28 3.26402891
20 28 -23.7312492
21 28 -2.48114332
22 28 -7.42510066
23 28 -1.06994555
24 28 -6.20404225
25 28 -9.21553183
26 28 98.3226608
27 28 11.3020267
28 28 18.9805644
29 28 -0.198459324
30 28 17.0041013
31 28 2.07356162
32 28 -25.8378005
33 28 -3.19251255
34 28 -5.35551182
35 28 0.91783097
36 28 -4.54204256
37 28 0.72524336
38 28 -12.2122385
39 28 -1.8317696
40 28 -1.52013304
41 28 0.165316904
42 28 -1.41917189
43 28 1.31091881
44 28 -6.91060161
45 28 -0.350631978
46 28 -0.752976705
47 28 -0.106204548
48 28 -0.837468298
49 28 0.277752013
50 28 -5.09856318
51 28 -0.701025533
52 28 -0.720375721
53 28 -0.00120925904
54 28 -1.02637512
1 29 3.31143297
2 29 -0.209639857
3 29 1.94297324
4 29 0.0330348788
5 29 -0.565345256
6 29 -0.128951524
7 29 3.94810387
8 29 -0.265786546
9 29 2.49547458
10 29 0.0297314264
11 29 -0.737800502
12 29 -0.167686465
13 29 6.35486886
14 29 -0.571862787
15 29 4.39548072
16 29 0.0721266173
17 29 -1.32055544
18 29 -0.286194611
19 29 17.7906037
20 29 -3.33581824
21 29 11.2343024
22 29 -0.583955989
23 29 -9.06977602
24 29 -2.81119328
25 29 -68.9801907
26 29 8.6724281
27 29 -40.9992648
28 29 -0.198459324
29 29 20.5192552
30 29 5.51574568
31 29 17.1530476
32 29 -3.83725908
33 29 10.4412805
34 29 0.39266495
35 29 -4.8904565
36 29 -1.32157362
37 29 9.50014287
38 29 -1.05727435
39 29 5.49616418
40 29 0.0738817362
41 29 -1.87846032
42 29 -0.517986179
43 29 5.65545496
44 29 0.563130752
45 29 2.7383989
46 29 0.111611416
47 29 -1.02759083
48 29 -0.0316849103
49 29 3.34325027
50 29 0.195750528
51 29 1.54878675
52 29 0.0356128841
53 29 -0.693166515
54 29 -0.156772348
1 30 0.938281161
2 30 -5.26007023
3 30 -0.126571961
4 30 -0.577744751
5 30 -0.124935725
6 30 -0.835292541
7 30 1.02288245
8 30 -6.59905653
9 30 -0.188920496
10 30 -0.761440515
11 30 -0.143913753
12 30 -1.05233436
13 30 1.94187402
14 30 -11.6023944
15 30 -0.475183063
16 30 -1.45333953
17 30 -0.19209068
18 30 -2.02086608
19 30 8.3093865
20 30 -23.4916234
21 30 0.996956214
22 30 -6.19622375
23 30 -3.31376756
24 30 -7.14065016
25 30 -27.9645627
26 30 102.728738
27 30 0.543103731
28 30 17.0041013
29 30 5.51574568
30 30 21.881641
31 30 8.99411382
32 30 -26.6699666
33 30 0.931799299
34 30 -4.51109211
35 30 -0.933608424
36 30 -5.95411794
37 30 3.66933966
38 30 -12.6845096
39 30 -0.217121831
40 30 -1.39998317
41 30 -0.40907297
42 30 -2.02296715
43 30 1.40357606
44 30 -7.39640739
45 30 -0.478163311
46 30 -0.779447396
47 30 -0.14138761
48 30 -1.07030369
49 30 1.12656839
50 30 -6.52260935
51 30 -0.619963065
52 30 -0.940272277
53 30 -0.208657584
54 30 -1.33709199
1 31 -37.1456362
2 31 -1.07072912
3 31 -5.80687308
4 31 -0.06894405
5 31 2.20894025
6 31 0.541291754
7 31 -45.0885415
8 31 1.11279166
9 31 -7.31919438
10 31 0.186136597
11 31 3.29951049
12 31 0.991512464
13 31 -61.7587244
14 31 2.10681634
15 31 -12.9183783
16 31 0.146406112
17 31 4.6121681
18 31 1.31770189
19 31 -86.1460122
20 31 9.57920991
21 31 -25.2332817
22 31 0.252016596
23 31 9.22526476
24 31 3.57776967
25 31 -152.092564
26 31 17.8636487
27 31 -40.8069164
28 31 2.07356162
29 31 17.1530476
30 31 8.99411382
31 31 788.212733
32 31 -63.5474296
33 31 194.622836
34 31 -7.85419446
35 31 -75.2412367
36 31 -26.2069429
37 31 -164.382226
38 31 15.4360993
39 31 -50.384432
40 31 2.1288211
41 31 20.2197547
42 31 6.19915533
43 31 -93.6561374
44 31 5.70073095
45 31 -21.2319647
46 31 1.63002189
47 31 10.3260725
48 31 2.13824555
49 31 -68.440172
50 31 9.08446953
51 31 -13.0385931
52 31 1.50725986
53 31 6.96019052
54 31 2.15622226
1 32 -1.13450043
2 32 -97.3813727
3 32 0.884762723
4 32 -3.69787257
5 32 0.560777739
6 32 -3.45828925
7 32 0.797998524
8 32 -118.083594
9 32 0.0584613131
10 32 -5.46394004
11 32 0.484452401
12 32 -5.12692709
13 32 0.65785387
14 32 -157.436899
15 32 -4.06945787
16 32 -7.94568571
17 32 1.27652469
18 32 -7.10965376
19 32 11.7931756
20 32 -204.964678
21 32 -0.879563195
22 32 -13.1199151
23 32 -1.35467326
24 32 -13.4114311
25 32 21.8429406
26 32 -335.449774
27 32 -6.95891036
28 32 -25.8378005
29 32 -3.83725908
30 32 -26.6699666
31 32 -63.5474296
32 32 1851.44159
33 32 35.9607734
34 32 118.406389
35 32 4.77476213
36 32 127.133745
37 32 12.0181266
38 32 -383.411131
39 32 -7.59136138
40 32 -34.1036971
41 32 -1.1580112
42 32 -37.9828997
43 32 11.2189794
44 32 -211.484227
45 32 -0.42435549
46 32 -17.5126615
47 32 -1.74107076
48 32 -20.3266913
49 32 1.27862749
50 32 -152.025073
51 32 -5.67139292
52 32 -8.34177453
53 32 0.148367261
54 32 -11.5355166
1 33 -8.16220621
2 33 0.573976161
3 33 -25.7381117
4 33 -0.565591024
5 33 1.91035418
6 33 0.0280642567
7 33 -9.4698114
8 33 0.161086769
9 33 -30.3683562
10 33 -0.689038455
11 33 2.52433118
12 33 0.0254911293
13 33 -17.1194377
14 33 -1.35735421
15 33 -43.7732188
16 33 -1.05726723
17 33 4.33637774
18 33 0.2986338
19 33 -26.2158367
20 33 -2.33629617
21 33 -56.1174489
22 33 -2.18004248
23 33 6.50919081
24 33 0.160590626
25 33 -43.382953
26 33 -8.57015384
27 33 -86.5594767
28 33 -3.19251255
29 33 10.4412805
30 33 0.931799299
31 33 194.622836
32 33 35.9607734
33 33 477.308544
34 33 13.5873638
35 33 -47.5004912
36 33 3.07943232
37 33 -46.531515
38 33 -8.98655088
39 33 -96.4056817
40 33 -3.55560297
41 33 12.6429093
42 33 -1.68850739
43 33 -15.4793927
44 33 -6.73389462
45 33 -48.9789762
46 33 -1.08173045
47 33 4.96386277
48 33 -1.63829966
49 33 -8.42984072
50 33 -4.20257447
51 33 -33.2834293
52 33 -0.843375993
53 33 2.967555
54 33 -1.27560407
1 34 -0.230827556
2 34 -3.34808813
3 34 -0.73281362
4 34 -0.485840357
5 34 0.214337761
6 34 -0.396826888
7 34 -0.0597274067
8 34 -5.05495572
9 34 -0.944514711
10 34 -0.851906036
11 34 0.252399197
12 34 -0.724183104
13 34 -0.448460005
14 34 -7.15856776
15 34 -1.72974811
16 34 -1.16463121
17 34 0.487725777
18 34 -0.901760548
19 34 0.843696523
20 34 -12.9283198
21 34 -1.68243314
22 34 -3.81088887
23 34 1.57807978
24 34 -2.98274241
25 34 2.73477465
26 34 -25.3089627
27 34 -2.78410433
28 34 -5.35551182
29 34 0.39266495
30 34 -4.51109211
31 34 -7.85419446
32 34 118.406389
33 34 13.5873638
34 34 34.6989866
35 34 -1.03351292
36 34 38.5241563
37 34 2.09806606
38 34 -35.9340922
39 34 -3.11386542
40 34 -13.7364755
41 34 -2.99876986
42 34 -17.468011
43 34 2.48253465
44 34 -19.4749677
45 34 -0.413004296
46 34 -7.87682547
47 34 0.812832745
48 34 -10.1617525
49 34 0.614259586
50 34 -9.17373342
51 34 -0.910502764
52 34 -0.946494306
53 34 0.0648138085
54 34 -1.36273588
1 35 2.41609063
2 35 0.132372213
3 35 1.65324724
4 35 0.117458039
5 35 -0.559323362
6 35 -0.0854759905
7 35 3.50610193
8 35 -0.0991107491
9 35 2.23832725
10 35 0.0701551188
11 35 -0.847671422
12 35 -0.231480478
13 35 5.12082637
14 35 -0.205672297
15 35 3.76747952
16 35 0.131554313
17 35 -1.29840384
18 35 -0.334883219
19 35 8.9790646
20 35 -0.607783468
21 35 6.50649392
22 35 1.52059362
23 35 -2.21909837
24 35 0.340026319
25 35 17.1782558
26 35 -2.96435493
27 35 10.1286344
28 35 0.91783097
29 35 -4.8904565
30 35 -0.933608424
31 35 -75.2412367
32 35 4.77476213
33 35 -47.5004912
34 35 -1.03351292
35 35 33.8061817
36 35 5.80188783
37 35 20.3416549
38 35 -0.92292479
39 35 13.7800506
40 35 -2.70009271
41 35 -18.430753
42 35 -5.67790167
43 35 10.0457834
44 35 -0.0862267906
45 35 5.77555642
46 35 0.896416052
47 35 -3.9801297
48 35 1.19256393
49 35 6.69248924
50 35 -0.238784763
51 35 3.42930699
52 35 0.0362308002
53 35 -1.25731229
54 35 -0.0231742679
1 36 0.303478978
2 36 -3.59314857
3 36 -0.396052554
4 36 -0.494591775
5 36 0.075960417
6 36 -0.55089918
7 36 0.64927491
8 36 -5.26042844
9 36 -0.504143685
10 36 -0.86329643
11 36 0.0197035469
12 36 -0.989901685
13 36 0.531433234
14 36 -7.46119624
15 36 -0.999547617
16 36 -1.16022213
17 36 0.179367926
18 36 -1.21574344
19 36 3.90254121
20 36 -13.0618464
21 36 0.709047069
22 36 -2.93162104
23 36 0.371122307
24 36 -3.26416587
25 36 9.25134264
26 36 -26.6110889
27 36 1.03627458
28 36 -4.54204256
29 36 -1.32157362
30 36 -5.95411794
31 36 -26.2069429
32 36 127.133745
33 36 3.07943232
34 36 38.5241563
35 36 5.80188783
36 36 51.3551859
37 36 6.8270311
38 36 -39.0436979
39 36 -0.427362145
40 36 -17.047059
41 36 -6.12602853
42 36 -24.1050979
43 36 2.64852753
44 36 -21.2811911
45 36 -0.632894686
46 36 -9.72327378
47 36 1.03326306
48 36 -13.4056056
49 36 2.150117
50 36 -11.5872267
51 36 -0.726508731
52 36 -1.21988536
53 36 -0.246800139
54 36 -1.88048675
1 37 -28.5670865
2 37 -1.51865171
3 37 -3.57676022
4 37 -0.0849047355
5 37 1.5553854
6 37 0.243563941
7 37 -30.7104045
8 37 -1.94738253
9 37 -3.47289208
10 37 -0.172039693
11 37 1.72497949
12 37 0.0915400117
13 37 -41.7061795
14 37 0.698686589
15 37 -5.0705919
16 37 -0.121611441
17 37 2.6428566
18 37 0.472566519
19 37 -59.9075424
20 37 3.04819653
21 37 -13.2851758
22 37 -0.0632765089
23 37 5.8571802
24 37 1.51854895
25 37 -93.6822074
26 37 8.52974796
27 37 -19.914388
28 37 0.72524336
29 37 9.50014287
30 37 3.66933966
31 37 -164.382226
32 37 12.0181266
33 37 -46.531515
34 37 2.09806606
35 37 20.3416549
36 37 6.8270311
37 37 742.034241
38 37 -84.725348
39 37 189.490294
40 37 -10.9610757
41 37 -75.9297067
42 37 -26.9607209
43 37 -154.084907
44 37 32.7023218
45 37 -48.1825128
46 37 5.22760421
47 37 20.8677325
48 37 8.06014258
49 37 -106.14818
50 37 28.6122813
51 37 -31.5961938
52 37 3.38673199
53 37 12.7104563
54 37 6.04988121
1 38 -1.8673756
2 38 -76.0840405
3 38 0.788973968
4 38 -2.38475595
5 38 0.442655797
6 38 -2.6045928
7 38 -1.88225051
8 38 -83.1386735
9 38 0.623499756
10 38 -2.70342821
11 38 0.471730173
12 38 -2.74311865
13 38 0.724532055
14 38 -107.416563
15 38 -1.2514126
16 38 -3.97236206
17 38 0.513103211
18 38 -4.17773608
19 38 4.87378531
20 38 -143.178078
21 38 -1.21658162
22 38 -7.13632304
23 38 -0.558735703
24 38 -7.65961369
25 38 10.3786244
26 38 -198.855357
27 38 -4.96888045
28 38 -12.2122385
29 38 -1.05727435
30 38 -12.6845096
31 38 15.4360993
32 38 -383.411131
33 38 -8.98655088
34 38 -35.9340922
35 38 -0.92292479
36 38 -39.0436979
37 38 -84.725348
38 38 1745.94844
39 38 47.9193017
40 38 120.380223
41 38 6.77060035
42 38 129.027947
43 38 32.9662585
44 38 -373.422917
45 38 -13.2496809
46 38 -37.6340783
47 38 -4.60391278
48 38 -39.4244215
49 38 19.0857644
50 38 -224.108321
51 38 -9.69793522
52 38 -16.9515363
53 38 -1.60764615
54 38 -18.8410801
1 39 -4.93578217
2 39 0.0149717182
3 39 -18.4204636
4 39 -0.485110539
5 39 1.09807344
6 39 -0.321534934
7 39 -4.51346429
8 39 -0.259814889
9 39 -20.1642227
10 39 -0.525028511
11 39 1.17399901
12 39 -0.381763021
13 39 -6.49969614
14 39 -1.7843935
15 39 -26.7344235
16 39 -0.775396763
17 39 1.8393686
18 39 -0.440263299
19 39 -13.3883805
20 39 -3.40351042
21 39 -38.0360169
22 39 -1.37616936
23 39 3.75544678
24 39 -0.462688237
25 39 -21.7393073
26 39 -6.53935323
27 39 -52.3011262
28 39 -1.8317696
29 39 5.49616418
30 39 -0.217121831
31 39 -50.384432
32 39 -7.59136138
33 39 -96.4056817
34 39 -3.11386542
35 39 13.7800506
36 39 -0.427362145
37 39 189.490294
38 39 47.9193017
39 39 442.159187
40 39 12.6871916
41 39 -47.1198297
42 39 4.19047531
43 39 -44.4236987
44 39 -15.7398664
45 39 -88.3579235
46 39 -2.71440919
47 39 11.8909615
48 39 -1.28826037
49 39 -30.7812683
50 39 -6.56922059
51 39 -58.7122421
52 39 -1.49978662
53 39 7.58666003
54 39 -0.239444196
1 40 -0.123099297
2 40 -2.24361971
3 40 -0.44803801
4 40 -0.292814277
5 40 0.135207857
6 40 -0.303374365
7 40 -0.112529408
8 40 -2.59062488
9 40 -0.447474818
10 40 -0.346241904
11 40 0.134403905
12 40 -0.332572786
13 40 -0.076240312
14 40 -3.79847518
15 40 -0.701596235
16 40 -0.477560674
17 40 0.181761342
18 40 -0.479912211
19 40 0.398765109
20 40 -7.16195441
21 40 -0.862835482
22 40 -0.903767529
23 40 0.0739926585
24 40 -0.891405031
25 40 0.954115942
26 40 -11.9394423
27 40 -1.5513304
28 40 -1.52013304
29 40 0.0738817362
30 40 -1.39998317
31 40 2.1288211
32 40 -34.1036971
33 40 -3.55560297
34 40 -13.7364755
35 40 -2.70009271
36 40 -17.047059
37 40 -10.9610757
38 40 120.380223
39 40 12.6871916
40 40 34.0565095
41 40 8.04737442
42 40 36.9891253
43 40 5.59356496
44 40 -38.9823625
45 40 -2.08711474
46 40 -14.4559725
47 40 -6.09311646
48 40 -14.2170138
49 40 1.96930449
50 40 -17.4366493
51 40 -2.06933717
52 40 -2.15858628
53 40 0.0235305621
54 40 -2.11744738
1 41 1.55460507
2 41 0.40891861
3 41 0.991326125
4 41 0.133194152
5 41 -0.363857243
6 41 0.0474605795
7 41 1.70384107
8 41 0.532337787
9 41 1.10838533
10 41 0.154403513
11 41 -0.381781544
12 41 0.0744039165
13 41 2.61305577
14 41 0.549426024
15 41 1.72718852
16 41 0.199026037
17 41 -0.598113473
18 41 0.0558232795
19 41 5.52741884
20 41 0.440131544
21 41 3.79988285
22 41 0.282466282
23 41 -1.31758227
24 41 -0.0991078021
25 41 9.38117348
26 41 -0.461528297
27 41 5.30461145
28 41 0.165316904
29 41 -1.87846032
30 41 -0.40907297
31 41 20.2197547
32 41 -1.1580112
33 41 12.6429093
34 41 -2.99876986
35 41 -18.430753
36 41 -6.12602853
37 41 -75.9297067
38 41 6.77060035
39 41 -47.1198297
40 41 8.04737442
41 41 37.7769236
42 41 10.7471741
43 41 20.8821032
44 41 -4.42088965
45 41 12.7331162
46 41 -5.84847447
47 41 -12.2077845
48 41 -3.64830613
49 41 12.9071822
50 41 -3.12121594
51 41 7.67412543
52 41 -0.232348502
53 41 -2.48474793
54 41 -0.74906662
1 42 0.216548386
2 42 -2.58907498
3 42 -0.320323272
4 42 -0.320234038
5 42 0.0512328224
6 42 -0.367308055
7 42 0.107090077
8 42 -2.70375844
9 42 -0.340093279
10 42 -0.341848704
11 42 0.0643984463
12 42 -0.39542501
13 42 0.467778928
14 42 -4.12501754
15 42 -0.42572702
16 42 -0.495968625
17 42 0.0516246062
18 42 -0.593832293
19 42 1.94933676
20 42 -7.36785549
21 42 0.205888516
22 42 -0.81338488
23 42 -0.359284162
24 42 -1.17207593
25 42 3.86665169
26 42 -12.5705764
27 42 0.0436841734
28 42 -1.41917189
29 42 -0.517986179
30 42 -2.02296715
31 42 6.19915533
32 42 -37.9828997
33 42 -1.68850739
34 42 -17.468011
35 42 -5.67790167
36 42 -24.1050979
37 42 -26.9607209
38 42 129.027947
39 42 4.19047531
40 42 36.9891253
41 42 10.7471741
42 42 48.3778782
43 42 8.19713414
44 42 -39.834845
45 42 -0.498658036
46 42 -13.8990239
47 42 -3.83720055
48 42 -16.4627128
49 42 5.51875437
50 42 -19.2856221
51 42 -0.41339686
52 42 -2.10191505
53 42 -0.668421277
54 42 -3.02020386
1 43 -20.9779085
2 43 -2.73070816
3 43 -1.20575448
4 43 -0.127064489
5 43 0.939452917
6 43 -0.409394477
7 43 -22.942001
8 43 -2.16881325
9 43 -1.15774713
10 43 -0.146682028
11 43 1.19503909
12 43 -0.383146106
13 43 -31.4804056
14 43 -3.25279297
15 43 -1.41445897
16 43 -0.239633763
17 43 1.76459317
