# name: debug
# type: sparse matrix
# nnz: 2916
# rows: 54
# columns: 54

1 1 530.300573
2 1 -17.1193733
3 1 119.979012
4 1 -27.0343455
5 1 -31.6094964
6 1 -42.5620962
7 1 -85.9736078
8 1 0.472272178
9 1 -24.0663348
10 1 11.5465636
11 1 5.94983031
12 1 16.1131004
13 1 -83.5739894
14 1 8.47941507
15 1 -23.530494
16 1 14.4649522
17 1 8.44754683
18 1 21.4743156
19 1 -60.0340467
20 1 8.86124831
21 1 -11.918937
22 1 1.24113299
23 1 4.14988014
24 1 2.80628305
25 1 -61.1525949
26 1 1.86355661
27 1 -14.2562454
28 1 0.264765002
29 1 3.31143297
30 1 0.938281161
31 1 -37.1456362
32 1 -1.13450043
33 1 -8.16220621
34 1 -0.230827556
35 1 2.41609063
36 1 0.303478978
37 1 -28.5670865
38 1 -1.8673756
39 1 -4.93578217
40 1 -0.123099297
41 1 1.55460507
42 1 0.216548386
43 1 -20.9779085
44 1 -4.08098305
45 1 -2.34988575
46 1 -0.243119697
47 1 0.844926119
48 1 -0.263012333
49 1 -14.4660382
50 1 -2.9750146
51 1 0.265972061
52 1 -0.213515865
53 1 0.412942972
54 1 -0.0828404439
1 2 -17.1193733
2 2 1333.61398
3 2 -4.26027238
4 2 174.133608
5 2 9.25523659
6 2 222.316796
7 2 0.142254213
8 2 -217.060598
9 2 -1.12051729
10 2 -64.4298812
11 2 -3.96420271
12 2 -83.6389331
13 2 8.24813876
14 2 -209.01279
15 2 -0.289912577
16 2 -74.600294
17 2 -5.0565712
18 2 -97.904298
19 2 8.86437557
20 2 -147.18502
21 2 -1.73334054
22 2 -10.7587712
23 2 -0.19145682
24 2 -13.1767859
25 2 2.57403042
26 2 -157.552898
27 2 -0.439524373
28 2 -4.88293571
29 2 -0.209639857
30 2 -5.26007023
31 2 -1.07072912
32 2 -97.3813727
33 2 0.573976161
34 2 -3.34808813
35 2 0.132372213
36 2 -3.59314857
37 2 -1.51865171
38 2 -76.0840405
39 2 0.0149717182
40 2 -2.24361971
41 2 0.40891861
42 2 -2.58907498
43 2 -2.73070816
44 2 -56.3625161
45 2 -0.240886572
46 2 -1.14132263
47 2 0.76659596
48 2 -1.20526115
49 2 -3.04453659
50 2 -43.3940018
51 2 1.46993858
52 2 -0.690848855
53 2 0.345454489
54 2 -1.02777893
1 3 119.979012
2 3 -4.26027238
3 3 335.423295
4 3 17.9083344
5 3 -19.5674655
6 3 17.7791089
7 3 -24.227602
8 3 -0.718815539
9 3 -53.5370084
10 3 -7.09055824
11 3 2.91521745
12 3 -8.74779124
13 3 -23.5415207
14 3 1.13924287
15 3 -51.0210475
16 3 -7.25604485
17 3 5.88255773
18 3 -7.53030893
19 3 -12.6797625
20 3 1.20789714
21 3 -36.2353058
22 3 -0.140143694
23 3 2.655518
24 3 0.759625576
25 3 -12.7969939
26 3 1.27942583
27 3 -40.1106565
28 3 -0.477009446
29 3 1.94297324
30 3 -0.126571961
31 3 -5.80687308
32 3 0.884762723
33 3 -25.7381117
34 3 -0.73281362
35 3 1.65324724
36 3 -0.396052554
37 3 -3.57676022
38 3 0.788973968
39 3 -18.4204636
40 3 -0.44803801
41 3 0.991326125
42 3 -0.320323272
43 3 -1.20575448
44 3 1.16408898
45 3 -13.2943656
46 3 -0.217681645
47 3 0.444607898
48 3 -0.323267565
49 3 1.08337115
50 3 2.68143294
51 3 -7.6860768
52 3 -0.0161359217
53 3 0.0757203434
54 3 0.00625071379
1 4 -27.0343455
2 4 174.133608
3 4 17.9083344
4 4 5364.73343
5 4 -87.7541981
6 4 6961.63029
7 4 34.1189662
8 4 -159.533631
9 4 -24.9758542
10 4 -2409.55528
11 4 44.4941252
12 4 -3134.2863
13 4 37.4242986
14 4 -174.262878
15 4 -28.0082929
16 4 -2929.11813
17 4 66.20305
18 4 -3807.89366
19 4 0.790499574
20 4 -11.3738879
21 4 -1.15792569
22 4 -8.11986206
23 4 0.860523051
24 4 -10.6126415
25 4 0.380479905
26 4 -5.02103123
27 4 -0.497045853
28 4 -0.579448777
29 4 0.0330348788
30 4 -0.577744751
31 4 -0.06894405
32 4 -3.69787257
33 4 -0.565591024
34 4 -0.485840357
35 4 0.117458039
36 4 -0.494591775
37 4 -0.0849047355
38 4 -2.38475595
39 4 -0.485110539
40 4 -0.292814277
41 4 0.133194152
42 4 -0.320234038
43 4 -0.127064489
44 4 -1.12096114
45 4 -0.406052043
46 4 -0.0924983892
47 4 0.148977875
48 4 -0.0969515274
49 4 -0.234626253
50 4 -0.730510131
51 4 -0.12028548
52 4 -0.0176313321
53 4 0.0732011663
54 4 -0.0792942966
1 5 -31.6094964
2 5 9.25523659
3 5 -19.5674655
4 5 -87.7541981
5 5 54.1846226
6 5 -89.5953945
7 5 3.96965136
8 5 1.05042415
9 5 2.68514086
10 5 88.4605038
11 5 52.5713405
12 5 138.498574
13 5 10.3883379
14 5 -7.78186354
15 5 7.32631681
16 5 -2.85628203
17 5 -102.446154
18 5 -50.8842488
19 5 4.41499168
20 5 -2.12117896
21 5 2.53177305
22 5 -1.61953994
23 5 -0.844235407
24 5 -2.55789604
25 5 3.29646113
26 5 -0.172791834
27 5 2.05404122
28 5 0.0494265202
29 5 -0.565345256
30 5 -0.124935725
31 5 2.20894025
32 5 0.560777739
33 5 1.91035418
34 5 0.214337761
35 5 -0.559323362
36 5 0.075960417
37 5 1.5553854
38 5 0.442655797
39 5 1.09807344
40 5 0.135207857
41 5 -0.363857243
42 5 0.0512328224
43 5 0.939452917
44 5 0.576198769
45 5 0.48273009
46 5 0.0964579951
47 5 -0.178155675
48 5 0.0932036224
49 5 0.449671742
50 5 0.218563882
51 5 0.108098583
52 5 0.053045591
53 5 -0.0943552125
54 5 0.030918192
1 6 -42.5620962
2 6 222.316796
3 6 17.7791089
4 6 6961.63029
5 6 -89.5953945
6 6 9047.9738
7 6 44.9733938
8 6 -205.621854
9 6 -31.9629866
10 6 -3109.03014
11 6 74.6384549
12 6 -4037.57682
13 6 52.0126002
14 6 -228.373011
15 6 -34.0637074
16 6 -3819.01633
17 6 46.137255
18 6 -4984.17476
19 6 2.13908237
20 6 -14.3203047
21 6 -0.721191275
22 6 -10.6556113
23 6 0.789894567
24 6 -14.4543931
25 6 0.969343566
26 6 -5.23732907
27 6 -0.134477396
28 6 -0.553473305
29 6 -0.128951524
30 6 -0.835292541
31 6 0.541291754
32 6 -3.45828925
33 6 0.0280642567
34 6 -0.396826888
35 6 -0.0854759905
36 6 -0.55089918
37 6 0.243563941
38 6 -2.6045928
39 6 -0.321534934
40 6 -0.303374365
41 6 0.0474605795
42 6 -0.367308055
43 6 -0.409394477
44 6 -1.2245161
45 6 -0.677172775
46 6 -0.125026461
47 6 0.216308084
48 6 -0.0557129933
49 6 -0.152373029
50 6 -1.0529356
51 6 -0.132731427
52 6 -0.0837794685
53 6 0.0632995645
54 6 -0.0496821816
1 7 -85.9736078
2 7 0.142254213
3 7 -24.227602
4 7 34.1189662
5 7 3.96965136
6 7 44.9733938
7 7 567.628709
8 7 -34.0009142
9 7 123.93041
10 7 -42.8212769
11 7 -111.903918
12 7 -85.6555612
13 7 -102.251855
14 7 13.1651392
15 7 -30.7398696
16 7 7.0199532
17 7 80.615483
18 7 34.979919
19 7 -70.0988888
20 7 8.60358377
21 7 -13.9872996
22 7 1.49094828
23 7 13.2316779
24 7 3.57273569
25 7 -61.2886392
26 7 1.77821415
27 7 -14.0412503
28 7 0.32721178
29 7 3.94810387
30 7 1.02288245
31 7 -45.0885415
32 7 0.797998524
33 7 -9.4698114
34 7 -0.0597274067
35 7 3.50610193
36 7 0.64927491
37 7 -30.7104045
38 7 -1.88225051
39 7 -4.51346429
40 7 -0.112529408
41 7 1.70384107
42 7 0.107090077
43 7 -22.942001
44 7 -3.25477835
45 7 -2.14019193
46 7 -0.248594209
47 7 1.1206856
48 7 -0.316662069
49 7 -16.8851271
50 7 -2.99602526
51 7 0.156470545
52 7 -0.493418963
53 7 1.04052604
54 7 -0.388460571
1 8 0.472272178
2 8 -217.060598
3 8 -0.718815539
4 8 -159.533631
5 8 1.05042415
6 8 -205.621854
7 8 -34.0009142
8 8 1415.70276
9 8 3.84405276
10 8 310.228061
11 8 26.7565821
12 8 406.703699
13 8 13.3694401
14 8 -259.373256
15 8 -0.242477816
16 8 -105.639852
17 8 -27.130333
18 8 -149.702326
19 8 8.10027165
20 8 -187.593491
21 8 -0.26947275
22 8 -24.1495268
23 8 -1.19991516
24 8 -30.2359097
25 8 2.46819143
26 8 -161.008697
27 8 -1.26533113
28 8 -6.36425743
29 8 -0.265786546
30 8 -6.59905653
31 8 1.11279166
32 8 -118.083594
33 8 0.161086769
34 8 -5.05495572
35 8 -0.0991107491
36 8 -5.26042844
37 8 -1.94738253
38 8 -83.1386735
39 8 -0.259814889
40 8 -2.59062488
41 8 0.532337787
42 8 -2.70375844
43 8 -2.16881325
44 8 -59.4433007
45 8 0.387488182
46 8 -1.35220489
47 8 0.607139312
48 8 -1.29314023
49 8 -2.78665322
50 8 -44.8267307
51 8 1.49950414
52 8 -0.849420407
53 8 0.781866605
54 8 -0.951575458
1 9 -24.0663348
2 9 -1.12051729
3 9 -53.5370084
4 9 -24.9758542
5 9 2.68514086
6 9 -31.9629866
7 9 123.93041
8 9 3.84405276
9 9 354.633011
10 9 34.5948742
11 9 -109.835861
12 9 16.0646948
13 9 -30.5320832
14 9 0.767149655
15 9 -64.689334
16 9 -6.69637471
17 9 83.8866842
18 9 16.0720909
19 9 -14.8411453
20 9 3.00159477
21 9 -44.9453892
22 9 0.0802050849
23 9 14.1251551
24 9 1.90265251
25 9 -12.7849729
26 9 -0.0502128158
27 9 -40.4583958
28 9 -0.618875435
29 9 2.49547458
30 9 -0.188920496
31 9 -7.31919438
32 9 0.0584613131
33 9 -30.3683562
34 9 -0.944514711
35 9 2.23832725
36 9 -0.504143685
37 9 -3.47289208
38 9 0.623499756
39 9 -20.1642227
40 9 -0.447474818
41 9 1.10838533
